74
705
729
705
46
555
593
610
222
321
270
641
627
710
787
147
236
238
868
743
618
856
926
81
223
209
640
416
144
987
456
80
179
898
433
881
197
281
618
224
952
625
105
367
857
57
190
178
850
301
90
81
796
49
209
795
22
618
467
415
918
871
133
631
566
231
124
888
81
379
685
653
151
659
819
506
228
42
566
970
796
491
202
640
996
492
325
375
282
250
412
95
825
172
559
928
71
299
245
262
----------------------------
717
593
926
10
982
556
439
618
605
524
416
728
282
637
532
966
657
647
72
943
195
601
736
868
492
685
978
417
233
292
377
81
810
498
134
850
987
699
625
379
552
276
11
798
763
41
502
17
253
538
161
808
919
643
540
676
172
912
216
839
559
422
616
325
579
269
492
299
172
236
631
549
934
976
281
652
705
721
745
900
428
932
708
366
155
868
767
822
911
583
598
799
890
861
209
875
349
754
128
856
